P(11,09) P(11,10) P(11,11) P(11,12) P(11,13) P(11,14) P(11,15) P(11,16) P(11,17) P(11,18) P(11,19)
P(11,20) P(11,21) P(11,22) P(11,23) P(11,24) P(11,25) P(11,26) P(11,27) P(11,28) P(11,29)
P(11,30) P(11,31) P(11,32) P(11,33) P(11,34) P(11,35) P(11,36) P(11,37) P(11,38) P(11,39)
P(11,40) P(11,41) P(11,42) P(11,43) P(11,44) P(11,45) P(11,46) P(11,47) P(11,48) P(11,49)
P(11,20) P(11,21) P(11,22) P(11,23) P(11,24) P(11,25) P(11,26) P(11,27) P(11,28) P(11,29)
P(11,50) P(11,51) P(11,52) P(11,53)


P(19,18) P(19,19) 
P(19,20) P(19,21) P(19,22) P(19,23) P(19,24) P(19,25) P(19,26) P(19,27) P(19,28) P(19,29)
P(19,30) P(19,31) P(19,32) P(19,33) P(19,34) P(19,35) P(19,36) P(19,37) P(19,38) P(19,39)
P(19,40) P(19,41) P(19,42) P(19,43) P(19,44) P(19,45) P(19,46) P(19,47) P(19,48) P(19,49)
P(19,20) P(19,21) P(19,22) P(19,23) P(19,24) P(19,25) P(19,26) P(19,27) P(19,28) P(19,29)
P(19,50) P(19,51) P(19,52)

P(35,18) P(35,19) 
P(35,20) P(35,21) P(35,22) P(35,23) P(35,24) P(35,25) P(35,26) P(35,27) P(35,28) P(35,29)
P(35,30) P(35,31) P(35,32) P(35,33) P(35,34) P(35,35) P(35,36) P(35,37) P(35,38) P(35,39)
P(35,40) P(35,41) P(35,42) P(35,43) P(35,44) P(35,45) P(35,46) P(35,47) P(35,48) P(35,49)
P(35,20) P(35,21) P(35,22) P(35,23) P(35,24) P(35,25) P(35,26) P(35,27) P(35,28) P(35,29)
P(35,50) P(35,51) P(35,52)


P(50,18) P(50,19) 
P(50,20) P(50,21) P(50,22) P(50,23) P(50,24) P(50,25) P(50,26) P(50,27) P(50,28) P(50,29)
P(50,30) P(50,31) P(50,32) P(50,33) P(50,34) P(50,35) P(50,36) P(50,37) P(50,38) P(50,39)
P(50,40) P(50,41) P(50,42) P(50,43) P(50,44) P(50,45) P(50,46) P(50,47) P(50,48) P(50,49)
P(50,20) P(50,21) P(50,22) P(50,23) P(50,24) P(50,25) P(50,26) P(50,27) P(50,28) P(50,29)
P(50,50) P(50,51) P(50,52)

P(27,09) 
P(27,10) P(27,11) P(27,12) P(27,13) P(27,14) P(27,15) P(27,16) P(27,17) P(27,18) P(27,19)
P(27,20) P(27,21) P(27,22) P(27,23) P(27,24) P(27,25) P(27,26) P(27,27) P(27,28) P(27,29)
P(27,30) P(27,31) P(27,32) P(27,33) P(27,34) P(27,35) P(27,36) P(27,37) P(27,38) P(27,39)
P(27,40) P(27,41) P(27,42) P(27,43) P(27,44)

P(42,09) 
P(42,10) P(42,11) P(42,12) P(42,13) P(42,14) P(42,15) P(42,16) P(42,17) P(42,18) P(42,19)
P(42,20) P(42,21) P(42,22) P(42,23) P(42,24) P(42,25) P(42,26) P(42,27) P(42,28) P(42,29)
P(42,30) P(42,31) P(42,32) P(42,33) P(42,34) P(42,35) P(42,36) P(42,37) P(42,38) P(42,39)
P(42,40) P(42,41) P(42,42) P(42,43) P(42,44)


P(11,08) P(12,08) P(13,08) P(14,08) P(15,08) P(16,08) P(17,08) P(18,08) P(19,08) 
P(20,08) P(21,08) P(22,08) P(23,08) P(24,08) P(25,08) P(26,08) P(27,08) P(28,08) P(29,08)
P(30,08) P(31,08) P(32,08) P(33,08) P(34,08) P(35,08) P(36,08) P(37,08) P(38,08) P(39,08)
P(40,08) P(41,08) P(42,08) P(43,08) P(44,08) P(45,08) P(46,08) P(47,08) P(48,08) P(49,08) 
P(50,08) 

P(19,53)
P(20,53) P(21,53) P(22,53) P(23,53) P(24,53) P(25,53) P(26,53) P(27,53) P(28,53) P(29,53)
P(30,53) P(31,53) P(32,53) P(33,53) P(34,53) P(35,53) P(36,53) P(37,53) P(38,53) P(39,53)
P(40,53) P(41,53) P(42,53) P(43,53) P(44,53) P(45,53) P(46,53) P(47,53) P(48,53) P(49,53) 
P(50,53)   
      
1(03,28) 1(06,09) 1(15,40) 1(22,26) 1(43,06) 1(47,43) 1(56,35)
2(06,21) 2(06,09) 2(25,05) 2(26,50) 2(38,27) 2(56,14) 2(56,53)
3(05,52) 3(18,13) 3(21,57) 3(35,13) 3(49,57) 3(51,13) 
4(05,39) 4(15,04) 4(15,29) 4(30,37) 4(31,16) 4(43,50) 4(54,48)
5(14,21) 4(30,47) 4(39,43) 4(45,25) 
6(17,50) 6(22,44) 6(33,27) 6(43,14)
7(03,06) 7(40,33) 7(52,31)
8(05,58) 8(32,03) 8(57,25)
 

      
     
