P(30,09) P(30,10) P(30,11) P(30,12) P(30,13) P(30,14) P(30,15) P(30,16)P(30,17) 
P(31,09) P(31,10) P(31,11) P(31,12) P(31,13) P(31,14) P(31,15) P(31,16)P(31,17) 

P(30,45) P(30,46) P(30,47) P(30,48) P(30,49) P(30,50) P(30,51) P(30,52)P(30,53)
P(31,45) P(31,46) P(31,47) P(31,48) P(31,49) P(31,50) P(31,51) P(31,52)P(31,53)

P(11,17) P(11,18) P(11,19) P(11,20) P(11,21) P(11,22) P(11,23) P(11,24) P(11,25) P(11,26) P(11,27) P(11,28) P(11,29) P(11,30) 
P(11,31) P(11,32) P(11,33) P(11,34) P(11,35) P(11,36) P(11,37) P(11,38) P(11,39) P(11,40) P(11,41) P(11,42) P(11,43) P(11,44) P(11,45) 
P(12,17) P(12,18) P(12,19) P(12,20) P(12,21) P(12,22) P(12,23) P(12,24) P(12,25) P(12,26) P(12,27) P(12,28) P(12,29) P(12,30) 
P(12,31) P(12,32) P(12,33) P(12,34) P(12,35) P(12,36) P(12,37) P(12,38) P(12,39) P(12,40) P(12,41) P(12,42) P(12,43) P(12,44) P(12,45)

P(50,17) P(50,18) P(50,19) P(50,20) P(50,21) P(50,22) P(50,23) P(50,24) P(50,25) P(50,26) P(50,27) P(50,28) P(50,29) 
P(50,30) P(50,31) P(50,32) P(50,33) P(50,34) P(50,35) P(50,36) P(50,37) P(50,38) P(50,39) P(50,40) P(50,41) P(50,42) P(50,43) P(50,44) P(50,45)
P(51,17) P(51,18) P(51,19) P(51,20) P(51,21) P(51,22) P(51,23) P(51,24) P(51,25) P(51,26) P(51,27) P(51,28) P(51,29) 
P(51,30) P(51,31) P(51,32) P(51,33) P(51,34) P(51,35) P(51,36) P(51,37) P(51,38) P(51,39) P(51,40) P(51,41) P(51,42) P(51,43) P(51,44) P(51,45)

1(14,10) 1(17,25) 1(12,53) 1(24,35) 1(31,26) 1(39,31) 1(47,53) 
2(04,21) 2(19,36) 2(29,32) 2(39,39) 2(42,25) 2(47,11)
3(07,07) 3(07,45) 3(21,53) 3(24,30) 3(30,04) 3(50,05) 3(56,47)
4(06,23) 4(23,22) 4(29,43) 4(32,39) 4(46,33) 4(40,45)
5(07,38) 5(26,41) 5(30,57) 5(34,21) 5(44,40) 5(55,48) 5(57,21)

6(21,10) 6(07,53) 6(41,09) 6(49,57) 7(04,10) 7(16,33) 7(41,50) 7(55,54)
8(07,16) 8(18,57) 8(34,34) 8(45,37) 8(54,11)

